Permutation     Cycles      Cycles-normalized     Trends      Trends-normalized     Streaks     Streaks-normalized
------------------------------------------------------------------------------------------------------------------

1 2 4           (1)(2)(4)   (1)(2)(3)           (1 2 4)         (1 2 3)             (1 2 4)     (1 2 3)
1 4 2           (1)(2 4)    (1)(2 3)            (1 4)(2)        (1 3)(2)            (1 4 2)     (1 3 2)
2 1 4           (1 2)(4)    (1 2)(3)            (2 1 4)         (1 3 2)             (2)(1 4)    (1 3)(2)
2 4 1           (1 2 4)     (1 2 3)             (2 4)(1)        (1)(2 3)            (2 4)(1)    (1)(2 3)
4 1 2           (1 4 2)     (1 3 2)             (4)(1 2)        (1 2)(3)            (4)(1 2)    (1 2)(3)
4 2 1           (1 4)(2)    (1 3)(2)            (4)(2)(1)       (1)(2)(3)           (4)(2)(1)   (1)(2)(3)


Permutation     Reverse     Reverse             Reverse         Reverse
                Trends      Trends-normalized   Streaks         Streaks-normalized
------------------------------------------------------------------------------------------------------------------
1 2 4           (1)(2)(4)   (1)(2)(3)           (1)(2)(4)       (1)(2)(3)
1 4 2           (1)(4 2)    (1)(2 3)            (1)(4 2)        (1)(2 3)
2 1 4           (2 1)(4)    (1 2)(3)            (2 1)(4)        (1 2)(3)
2 4 1           (2)(4 1)    (2)(1 3)            (2)(4 1)        (1 3)(2)
4 1 2           (4 1 2)     (1 2 3)             (4 1 2)         (1 2 3)
4 2 1           (4 2 1)     (1 3 2)             (4 2 1)         (1 3 2)

